50000
50,287
107,83
56,458
72,293
60,305
71,450
95,692
170,25
125,288
19,261
118,340
92,891
197,160
88,956
69,312
199,181
174,277
6,123
51,453
11,520
44,270
141,399
10,133
121,167
95,458
41,771
175,722
30,170
198,62
76,171
86,464
53,326
135,165
47,148
41,465
34,251
175,182
28,746
20,821
76,750
54,396
139,90
17,854
197,791
81,407
72,805
2,130
142,505
72,827
76,821
80,443
168,458
190,395
115,346
46,600
5,299
26,731
68,857
84,847
6,176
116,540
156,309
188,60
188,821
63,285
150,437
169,845
184,514
113,352
150,541
120,447
1,615
95,639
182,685
162,389
54,280
58,349
49,295
3,119
143,386
198,948
73,158
40,217
48,193
31,918
31,939
33,71
153,254
31,805
36,652
138,373
148,406
136,314
64,958
147,991
166,308
82,505
157,667
42,586
6,752
169,112
147,304
104,206
48,556
167,327
94,898
117,135
93,793
145,391
55,252
85,229
77,42
135,415
90,558
22,14
22,493
125,282
104,576
75,661
118,241
149,73
11,664
164,590
58,6
35,698
99,234
42,800
25,132
194,830
131,750
142,400
16,881
127,616
45,728
145,801
150,205
95,698
168,55
175,323
165,170
44,402
131,673
15,420
51,947
21,321
121,631
170,429
194,343
152,900
132,743
3,728
107,866
8,276
68,157
137,744
133,706
158,147
177,470
148,957
156,502
48,751
72,151
79,453
141,809
176,678
141,415
146,360
1,534
137,64
185,731
100,101
156,881
107,645
154,442
176,926
2,619
49,897
157,294
13,720
31,139
100,542
37,306
20,207
30,172
192,729
14,937
37,557
138,356
56,467
24,11
133,970
120,726
24,37
131,207
118,261
15,70
200,674
140,887
10,394
60,227
72,223
119,725
67,302
190,710
102,943
111,542
99,196
107,349
139,963
57,118
39,847
32,486
107,342
111,789
183,523
72,103
74,594
39,181
57,397
63,379
125,2
109,625
192,409
151,865
133,559
158,836
181,411
79,161
110,529
77,9
20,508
179,630
98,989
27,984
27,704
10,57
176,296
156,704
163,363
150,354
151,899
17,756
13,254
73,716
166,775
184,13
150,859
176,822
121,803
35,91
49,273
74,611
115,598
155,73
23,235
3,477
172,610
178,721
169,516
18,412
63,785
60,405
105,357
45,17
141,842
68,561
141,637
111,137
116,19
104,855
91,259
33,506
147,674
56,26
21,568
17,173
70,612
8,730
17,649
32,510
57,921
49,698
31,287
29,330
19,434
89,327
21,613
161,124
86,268
80,367
68,801
106,294
179,352
160,885
154,584
93,286
39,75
57,534
58,740
76,600
93,852
192,115
65,372
116,592
85,675
176,35
152,903
76,729
36,325
45,299
162,590
196,234
161,758
17,645
163,861
126,403
172,598
179,96
158,569
51,149
47,492
171,252
146,318
26,334
42,985
40,503
1,34
65,959
98,111
9,198
186,829
138,332
169,354
102,933
4,291
29,104
177,469
163,487
196,870
143,579
128,603
75,714
59,803
148,844
129,430
97,975
194,407
159,732
140,700
104,592
182,763
29,38
61,324
73,193
32,439
52,50
4,37
69,861
111,65
118,164
121,218
85,405
78,172
17,11
87,354
111,537
140,279
110,981
136,299
159,922
186,158
27,606
117,583
31,595
75,587
64,777
82,964
170,613
196,795
78,411
113,512
36,778
139,225
171,386
33,806
36,451
70,253
82,616
38,87
125,451
121,391
87,881
131,651
194,156
126,215
6,416
27,620
160,218
167,493
147,521
114,939
180,52
10,533
180,513
167,774
3,805
78,301
27,418
92,154
148,309
191,307
82,184
104,490
197,485
165,826
199,672
95,533
162,268
170,564
61,392
174,456
157,367
175,504
186,593
200,342
111,340
198,682
165,725
105,542
112,928
100,200
110,880
134,884
42,512
101,47
152,695
46,13
171,567
184,756
139,506
118,978
21,666
52,647
94,483
168,205
50,315
52,71
165,970
151,567
50,895
89,226
61,195
191,816
176,438
52,992
148,790
25,929
33,603
191,711
56,935
130,343
65,104
132,301
184,46
177,276
32,800
13,680
44,676
6,705
76,583
149,957
162,858
181,695
94,263
51,59
36,97
3,748
114,710
8,414
57,57
38,316
79,549
151,296
188,513
181,320
119,277
143,125
81,232
148,408
37,464
65,683
14,27
68,499
151,903
153,514
3,317
174,69
21,904
95,479
52,720
132,996
118,582
46,983
189,107
108,865
162,568
101,191
91,455
189,98
108,171
7,97
165,237
141,888
68,471
173,697
126,15
122,204
161,163
176,286
19,678
98,250
92,498
183,216
53,838
116,910
105,589
51,455
59,503
22,20
168,898
42,310
135,275
151,332
72,648
193,861
177,96
94,151
16,857
91,702
68,91
143,816
154,823
187,846
15,24
36,277
141,52
85,165
101,99
140,237
180,141
14,904
12,496
87,959
191,51
145,367
78,816
127,856
83,766
183,872
57,37
186,478
159,907
197,560
84,131
74,541
139,890
97,265
120,155
26,156
61,781
199,691
58,237
20,141
101,923
97,939
38,562
10,177
82,91
153,577
179,182
143,802
43,198
195,677
123,182
59,696
57,399
173,43
53,759
193,507
61,496
140,283
151,971
136,160
99,907
27,805
44,417
99,757
129,747
174,595
86,15
22,318
59,312
155,350
16,389
57,108
94,427
78,900
96,223
67,387
160,245
152,394
125,862
77,491
186,476
35,426
154,284
195,619
182,834
68,904
84,370
45,280
121,554
40,199
67,933
80,265
159,455
4,16
17,658
128,453
196,843
116,224
41,852
10,495
183,260
153,602
107,143
91,443
165,3
113,910
84,388
87,41
117,80
101,631
82,219
94,740
157,60
74,800
97,449
173,846
148,450
39,227
134,924
174,516
196,194
190,906
99,215
24,205
95,975
25,317
176,580
3,477
106,582
42,260
22,441
106,7
22,67
83,461
32,771
82,329
7,460
81,314
95,901
111,713
113,692
190,341
103,909
148,70
79,478
56,121
97,340
165,853
107,720
113,512
134,293
4,504
199,750
83,203
35,426
135,424
71,587
127,479
71,433
73,161
95,435
76,738
42,886
115,764
80,731
107,907
175,615
149,603
68,689
169,957
138,300
71,872
194,323
117,747
19,99
87,732
138,674
97,676
177,209
90,985
68,367
177,468
147,365
173,414
60,101
55,721
139,780
109,198
133,380
177,37
185,828
144,351
173,136
48,274
41,3
16,912
48,808
20,793
60,587
72,644
197,761
5,279
81,579
181,59
29,285
138,323
46,592
102,855
196,427
178,815
138,895
28,679
90,260
167,121
148,459
129,87
144,310
5,29
147,421
68,744
127,147
57,931
120,701
143,28
69,579
73,683
122,635
101,576
39,953
22,294
67,480
112,655
74,466
29,174
53,276
122,108
84,565
156,726
138,326
61,452
142,366
33,860
97,455
1,396
60,604
103,638
79,808
180,166
124,911
39,249
93,27
193,840
62,517
134,578
63,49
170,290
129,509
91,89
76,321
113,195
179,368
138,329
66,645
108,657
22,779
86,679
83,778
42,759
174,879
31,818
101,957
76,671
5,866
154,861
73,903
88,106
189,384
185,19
98,552
125,856
4,723
123,223
158,411
176,865
128,883
90,653
133,172
84,123
57,917
121,574
16,919
5,821
76,780
8,26
41,599
68,653
100,579
192,179
18,460
96,71
48,296
30,485
15,492
19,283
25,292
154,777
130,86
171,416
114,613
1,158
170,803
27,765
142,822
117,384
112,187
86,238
60,753
86,957
87,4
38,965
104,398
91,327
24,926
63,309
56,645
44,190
161,163
91,530
36,632
32,103
156,808
12,362
88,829
38,357
52,57
38,493
115,115
173,285
132,522
132,234
135,439
103,682
146,109
137,826
14,872
149,817
164,671
51,841
25,989
82,567
79,926
45,113
176,474
200,160
155,498
145,909
23,401
168,327
3,21
125,591
146,568
60,114
169,207
15,176
68,454
73,262
74,765
195,826
185,791
140,98
121,903
179,568
196,161
53,547
14,716
175,599
165,684
36,353
57,610
186,342
16,96
78,38
63,700
98,985
63,895
33,459
189,534
88,465
29,369
76,493
173,754
72,562
147,708
3,516
146,551
93,657
195,462
31,360
8,873
103,138
99,411
142,758
30,547
195,240
8,422
170,533
25,159
107,262
139,244
100,656
132,977
177,967
91,386
148,835
116,350
17,244
128,878
63,961
100,423
181,620
4,525
7,83
174,278
29,880
103,364
183,7
70,224
148,474
84,684
155,110
97,192
42,793
21,897
107,432
58,74
81,969
121,447
59,156
184,92
3,95
55,102
25,574
105,81
114,624
17,31
33,502
191,759
35,111
15,531
33,849
123,398
198,830
105,226
197,976
6,369
85,952
4,476
37,423
54,881
121,255
102,552
151,58
109,790
140,645
132,547
106,456
161,586
