10000
94,822
136,626
47,832
54,785
30,110
83,387
51,174
14,665
48,919
117,411
153,373
166,386
22,612
129,955
97,818
64,144
15,221
29,952
163,179
177,205
178,898
193,106
95,935
165,572
164,106
4,378
7,827
28,927
193,508
139,352
151,366
31,356
147,12
109,715
156,383
9,473
126,684
65,55
106,190
34,881
29,508
3,240
187,371
4,565
68,313
186,610
88,143
167,994
134,593
165,188
128,380
53,710
200,201
100,256
199,903
96,435
52,103
102,694
148,877
65,556
107,671
31,828
56,550
143,857
151,681
168,547
125,953
138,416
44,414
70,161
131,264
120,815
50,282
44,685
112,684
160,293
2,168
31,154
82,848
194,116
119,86
150,686
132,420
23,566
160,473
147,430
81,239
101,993
7,575
198,854
145,466
48,688
196,294
109,950
106,692
3,550
100,258
108,703
36,201
54,300
44,342
174,532
129,397
119,201
26,721
122,176
134,985
82,458
18,44
130,657
154,88
50,883
34,216
157,442
126,921
187,775
158,25
136,839
105,408
178,226
75,935
60,729
174,746
92,616
90,849
80,838
133,920
178,366
133,525
122,943
31,429
18,59
163,901
9,527
143,508
191,900
54,865
57,359
91,63
55,798
54,650
72,677
138,886
193,918
63,77
173,21
174,923
120,777
27,889
119,589
177,449
93,2
181,771
157,324
63,470
85,339
20,601
32,845
163,165
99,854
186,345
74,309
17,530
111,375
60,499
56,353
72,160
92,740
51,265
139,907
193,103
40,47
148,336
178,69
88,559
56,479
70,638
47,926
108,641
197,114
73,71
66,479
68,482
183,728
157,356
57,521
80,473
108,872
85,239
4,442
173,994
101,182
151,328
102,12
91,366
186,770
182,371
116,767
56,422
157,83
