35000
128,17
136,263
176,343
29,52
50,435
73,781
123,258
72,842
132,383
64,485
67,243
166,69
26,747
167,459
162,184
38,889
184,75
91,134
84,862
4,838
125,188
114,74
135,521
77,832
191,374
79,459
101,816
191,305
20,503
101,522
89,865
148,530
35,495
192,190
8,736
145,460
89,87
197,31
166,710
70,983
198,118
41,234
176,190
89,5
107,224
25,797
45,81
56,333
6,254
146,720
200,864
150,596
63,340
124,704
172,68
29,718
106,926
49,384
68,557
46,585
70,675
72,542
189,679
101,649
40,554
106,24
60,781
2,599
170,840
103,380
133,209
88,734
132,112
171,250
47,377
184,603
89,823
154,159
91,454
135,391
51,242
5,48
118,924
63,907
142,111
103,897
136,810
195,727
190,329
187,769
135,687
7,217
73,992
31,863
165,707
9,163
124,524
175,651
178,909
74,539
179,86
139,843
182,69
9,944
55,933
118,283
15,971
169,312
81,399
155,161
80,16
77,885
99,661
13,359
185,610
196,144
7,358
181,834
76,209
30,678
164,212
37,95
188,719
146,863
191,667
61,290
170,696
129,373
117,863
157,396
31,157
63,678
159,500
101,701
66,976
148,521
187,356
63,860
162,569
62,581
182,495
129,215
53,228
62,911
95,323
43,128
38,39
9,297
142,432
28,208
106,265
129,376
65,827
125,837
77,385
57,454
9,938
72,938
153,999
63,100
75,141
42,724
58,265
71,467
29,715
128,166
151,357
132,304
4,713
167,879
54,800
37,320
39,431
126,829
65,396
72,426
85,639
197,605
191,144
33,529
80,526
75,203
185,511
80,474
115,511
70,246
33,809
74,509
100,223
167,296
132,262
67,616
12,344
84,610
92,218
177,439
165,614
37,721
120,828
156,744
98,200
78,140
164,24
12,141
17,739
34,32
19,742
4,940
108,283
159,346
41,556
51,995
59,515
149,70
161,132
94,803
18,940
71,302
18,574
119,358
107,988
49,99
114,92
135,53
149,133
19,598
139,977
46,821
155,751
61,771
120,634
128,325
193,542
191,765
84,962
163,880
15,933
62,397
16,132
112,33
197,55
48,449
71,455
130,888
86,212
68,999
174,398
94,785
129,529
75,830
193,102
92,976
84,29
177,757
195,386
25,916
157,213
154,197
194,939
137,253
24,709
117,481
90,427
177,697
84,815
15,923
89,838
10,321
33,168
146,253
105,824
72,707
91,148
112,700
51,879
106,193
146,970
62,930
59,900
79,306
28,750
87,714
67,69
61,496
153,213
167,698
82,953
169,446
56,488
65,967
173,94
110,996
136,597
117,216
68,195
114,288
199,311
121,710
57,853
112,627
34,917
70,421
161,715
81,123
55,263
47,899
121,951
174,379
130,564
159,606
182,818
184,74
111,564
166,763
101,874
140,189
162,932
118,312
178,134
135,97
83,844
82,451
97,119
168,149
198,671
101,805
114,874
148,301
56,691
79,959
83,855
46,312
98,469
177,926
54,36
93,106
162,346
124,597
144,28
39,686
66,43
29,546
187,527
152,987
133,101
139,346
3,847
7,822
42,153
34,695
124,790
192,509
1,670
198,369
187,866
127,877
161,821
67,744
171,638
16,131
190,363
114,850
138,351
107,845
154,362
146,899
10,955
139,721
13,296
28,78
12,206
166,309
188,972
10,139
197,12
200,293
116,996
162,565
38,526
121,570
68,770
135,416
143,97
95,188
57,905
200,966
174,669
150,124
80,387
3,394
119,58
89,26
176,648
92,535
17,81
92,929
91,925
73,131
172,756
89,403
22,348
86,662
164,527
26,368
109,892
98,111
26,681
191,875
61,27
77,220
136,885
64,260
161,137
28,475
33,167
132,346
13,573
26,965
178,938
106,323
119,284
60,853
166,573
87,523
173,934
196,550
5,736
6,579
178,572
198,92
111,835
49,440
62,408
94,929
60,979
86,511
69,62
140,398
173,879
95,850
113,386
106,115
173,766
114,162
27,899
164,941
21,831
34,935
86,41
7,895
87,531
155,662
84,477
88,871
134,467
179,283
46,831
135,505
72,158
31,636
84,234
106,434
150,116
101,617
5,850
93,601
124,529
49,791
200,122
143,481
136,989
41,657
154,992
62,853
91,298
185,76
142,659
158,52
153,73
96,717
55,597
25,287
27,751
102,259
123,411
62,56
186,450
163,684
193,801
188,346
169,353
42,325
158,483
55,135
83,276
133,812
40,779
8,187
41,370
87,470
104,405
60,564
160,274
99,570
147,558
137,608
17,172
196,90
194,316
173,244
89,628
100,313
112,349
12,696
51,547
160,134
197,941
92,877
58,1
200,213
77,312
66,354
2,662
78,432
168,168
100,869
138,247
184,717
48,12
32,294
27,353
37,130
2,708
65,703
138,93
21,277
82,364
90,814
114,205
67,685
56,431
191,841
109,604
97,906
35,19
37,590
73,384
12,209
197,20
101,197
97,359
192,909
126,159
70,289
55,527
20,335
120,356
156,761
31,910
168,349
76,340
15,639
172,255
116,139
136,489
145,252
195,966
36,164
162,638
185,530
71,571
66,202
7,379
172,732
142,516
36,56
94,834
114,651
51,100
15,828
112,105
70,306
150,930
160,255
49,971
41,939
1,393
101,181
128,594
125,24
104,316
102,951
113,365
86,437
177,492
45,683
184,806
78,161
67,346
96,134
191,292
51,801
15,383
100,116
154,704
191,86
30,617
90,19
89,288
88,471
17,144
95,373
19,429
76,616
49,664
65,465
23,454
68,130
67,580
195,147
35,953
147,161
8,801
53,765
74,770
78,8
87,981
87,887
65,913
189,704
197,985
56,180
126,450
97,627
139,784
167,329
84,358
46,721
63,993
152,548
160,386
79,734
26,314
157,71
116,955
85,288
19,786
126,837
65,499
35,914
164,147
32,757
117,962
198,272
143,113
76,739
12,162
28,243
60,640
185,867
75,527
19,793
97,770
4,938
132,170
63,820
74,890
174,466
144,834
154,204
51,800
22,949
165,547
64,590
33,136
133,63
186,691
162,723
102,112
71,203
53,763
161,357
21,142
55,197
152,179
193,586
100,515
70,199
172,17
126,466
129,199
111,158
15,513
54,393
92,747
76,589
42,54
119,835
33,51
27,309
