25000
79,688
39,251
74,819
58,254
82,670
56,443
138,79
173,156
170,148
48,255
78,493
145,45
107,20
31,735
13,311
39,923
62,434
143,272
24,64
189,579
11,407
114,300
1,669
5,287
21,760
176,978
2,388
168,428
134,80
86,140
23,911
27,135
195,736
14,425
42,738
189,983
123,716
84,511
185,880
197,231
137,975
20,39
85,965
31,211
86,88
195,999
59,453
24,894
19,117
169,698
158,729
148,897
142,12
53,304
123,492
183,818
137,264
43,973
4,758
83,290
26,138
113,498
194,446
61,708
19,630
7,488
108,428
157,200
33,266
137,272
184,886
99,529
166,234
176,560
187,831
109,95
119,148
139,754
134,158
143,537
23,4
102,256
80,852
8,292
119,311
189,359
8,27
34,976
93,932
200,178
5,316
64,421
101,151
114,61
138,842
13,549
37,881
69,253
19,622
65,365
127,217
57,196
59,925
34,968
56,409
177,680
55,268
63,687
169,808
97,330
41,968
142,905
120,615
131,609
143,420
95,192
6,76
111,267
174,739
186,775
66,825
29,543
165,930
126,495
116,515
46,299
86,257
73,641
44,520
163,713
112,423
155,520
58,679
2,786
50,875
34,69
23,584
75,576
88,777
106,78
179,703
164,942
23,721
70,642
109,411
188,749
146,640
94,881
2,964
129,564
108,442
163,208
8,861
181,799
48,14
40,675
34,966
3,768
47,974
119,75
199,852
22,766
122,82
73,415
184,940
125,448
50,750
152,718
200,319
123,375
102,61
120,577
86,183
60,402
38,725
97,709
119,690
115,961
188,553
76,747
182,406
25,19
152,812
108,737
149,765
37,171
152,430
170,378
140,952
141,788
8,963
43,987
56,727
62,696
34,185
105,261
121,340
89,708
9,255
158,511
62,912
178,599
174,931
6,90
55,328
173,193
124,664
49,227
168,927
75,655
51,142
55,954
164,421
188,679
125,178
66,482
129,101
129,342
48,836
176,960
144,579
1,70
118,97
140,468
74,890
16,14
184,191
121,51
51,798
159,313
134,607
39,991
9,475
111,920
9,849
18,333
172,319
141,761
3,379
18,651
164,104
61,905
157,595
159,753
114,972
94,170
196,315
103,703
111,222
109,251
14,358
161,213
58,912
179,317
114,459
124,623
65,162
110,863
184,491
45,943
83,701
168,463
75,370
168,85
105,577
167,943
20,882
147,289
160,760
140,653
168,488
7,773
22,188
57,616
155,467
147,753
19,836
69,960
185,559
131,335
65,142
34,87
45,415
33,220
149,396
195,489
189,82
188,960
42,138
100,625
93,760
183,161
198,297
38,293
109,86
164,897
73,632
164,997
198,96
89,32
101,802
176,684
6,760
72,274
142,131
2,954
105,170
94,371
190,697
87,446
194,658
53,922
33,64
193,343
2,9
196,69
157,124
180,738
150,661
116,41
74,22
36,768
29,486
43,775
113,298
144,511
104,835
94,920
198,726
111,131
23,964
147,301
61,432
140,678
162,384
195,930
164,292
179,378
16,969
80,393
92,324
182,189
152,795
30,276
65,893
120,332
109,864
104,910
169,472
39,594
61,466
45,805
9,794
155,470
150,788
184,558
141,973
53,471
65,787
5,357
114,722
155,729
174,808
132,337
168,381
47,272
186,815
179,992
82,771
73,946
155,505
5,487
61,795
53,949
28,763
128,340
196,370
80,640
59,265
101,197
88,448
149,575
11,175
148,394
121,824
139,810
1,717
98,880
62,467
88,669
68,596
109,733
41,796
1,448
112,475
70,725
60,246
69,167
164,552
21,5
113,760
132,665
73,645
127,762
107,660
41,204
83,918
16,789
168,339
150,306
144,53
101,493
39,786
31,440
73,654
180,906
103,341
199,578
186,692
39,372
192,90
170,735
174,813
109,227
115,235
198,887
114,965
184,35
85,311
5,675
81,773
163,802
147,161
176,859
69,476
105,16
108,756
71,648
13,349
46,868
67,940
85,87
110,348
127,197
134,543
44,488
173,803
117,515
41,204
154,308
41,45
39,517
142,727
18,733
21,79
89,256
157,759
152,773
51,765
143,849
21,808
85,18
39,316
199,772
24,306
88,670
10,386
159,194
18,596
168,245
159,680
27,555
38,781
29,918
146,833
24,101
91,426
99,297
7,206
145,832
53,822
40,990
104,859
111,444
194,247
16,200
61,549
120,418
39,568
189,96
188,655
12,173
120,753
152,538
77,91
139,493
189,78
6,300
166,619
93,984
